 --- bias_lya*(1+beta_lya) beta_lya ap at bias_lls beta_lls L0_lls bias_gamma bias_qso drp sigma_velo_lorentz qso_rad_strength bias_Si3 bias_Si2a bias_Si2b bias_Si2c bias_CIVa 
bias_lya*(1+beta_lya) 1.0 -0.019358864533 -0.0123308908518 -0.00988592361339 0.234448543342 0.0140863142541 -0.269591364575 -0.606706251088 0.0781442848556 -0.0187830724705 -0.168761557974 0.00914765885086 -0.0482133434753 -0.0227057128493 0.067105769959 -0.09889626052 -0.316208256816 
beta_lya -0.019358864533 1.0 -0.0187626373932 -0.00273860111313 -0.482443557072 -0.268842440277 -0.0806855442918 0.0279022168276 -0.211060177417 0.00255698877009 0.20946376351 -0.339178625246 0.0914043222359 -0.00818651719106 -0.0428018053812 0.0357745565935 -0.0782377202619 
ap -0.0123308908518 -0.0187626373932 1.0 -0.362714839634 -0.0267777224335 0.00733765284941 0.0299561002385 0.0313684033726 0.00165686528487 0.00424266355765 -0.00267442757245 0.00464733818983 0.0196501028282 -0.00368907575322 -0.014916723875 -0.208695229463 -0.00100775526495 
at -0.00988592361339 -0.00273860111313 -0.362714839634 1.0 0.00305180050423 -0.00184503168421 -0.0117043608462 0.00865017500854 -0.0109530968412 -0.00519186268564 -0.00329126158734 -0.00899329974855 -0.00606000479886 0.00137001511242 0.00468522144379 0.0664643295629 -0.00339596747531 
bias_lls 0.234448543342 -0.482443557072 -0.0267777224335 0.00305180050423 1.0 0.223043234065 -0.41106695604 -0.599674548308 0.138748931643 -0.111774006544 0.0722059613978 0.125968900806 -0.543367971437 0.0711019070552 0.180068535111 -0.0503549640588 0.00617933792895 
beta_lls 0.0140863142541 -0.268842440277 0.00733765284941 -0.00184503168421 0.223043234065 1.0 0.200144303735 0.247869014245 0.0214602770432 0.0262768062322 -0.0189282305551 0.0155983009219 0.156346134186 -0.000574028371673 -0.0636270929741 0.051241385886 -0.00969170451263 
L0_lls -0.269591364575 -0.0806855442918 0.0299561002385 -0.0117043608462 -0.41106695604 0.200144303735 1.0 0.305854757517 0.0220629483976 0.137881508861 -0.0573360465371 0.053014588261 0.697268856391 -0.058362898387 -0.132647505398 -0.00501502411122 0.0141111772022 
bias_gamma -0.606706251088 0.0279022168276 0.0313684033726 0.00865017500854 -0.599674548308 0.247869014245 0.305854757517 1.0 0.023850840217 0.0659193511463 0.0219208701176 -0.00751163223381 0.274524914746 0.0210390158336 -0.13364566019 0.155052908341 0.00516105506964 
bias_qso 0.0781442848556 -0.211060177417 0.00165686528487 -0.0109530968412 0.138748931643 0.0214602770432 0.0220629483976 0.023850840217 1.0 0.0233816218264 0.0985779321121 0.844272775207 -0.0096471106748 0.0550216866291 0.0396427063994 0.0230708648736 -0.101533878296 
drp -0.0187830724705 0.00255698877009 0.00424266355765 -0.00519186268564 -0.111774006544 0.0262768062322 0.137881508861 0.0659193511463 0.0233816218264 1.0 0.0036915720352 0.0353621784004 0.19385332784 -0.0275315801456 -0.0135684796724 -0.0101142582551 0.00475647050863 
sigma_velo_lorentz -0.168761557974 0.20946376351 -0.00267442757245 -0.00329126158734 0.0722059613978 -0.0189282305551 -0.0573360465371 0.0219208701176 0.0985779321121 0.0036915720352 1.0 -0.153828310638 -0.0319862049959 0.0221835933941 0.0178739876523 0.00547881816364 0.00446916269986 
qso_rad_strength 0.00914765885086 -0.339178625246 0.00464733818983 -0.00899329974855 0.125968900806 0.0155983009219 0.053014588261 -0.00751163223381 0.844272775207 0.0353621784004 -0.153828310638 1.0 0.00405192779411 0.0424125729857 0.0377255424122 0.0240873963847 0.0198047724921 
bias_Si3 -0.0482133434753 0.0914043222359 0.0196501028282 -0.00606000479886 -0.543367971437 0.156346134186 0.697268856391 0.274524914746 -0.0096471106748 0.19385332784 -0.0319862049959 0.00405192779411 1.0 -0.0268755330371 -0.0814841145033 0.024050389185 0.0111376088791 
bias_Si2a -0.0227057128493 -0.00818651719106 -0.00368907575322 0.00137001511242 0.0711019070552 -0.000574028371673 -0.058362898387 0.0210390158336 0.0550216866291 -0.0275315801456 0.0221835933941 0.0424125729857 -0.0268755330371 1.0 -0.29345250403 0.0684666209578 0.00557476067832 
bias_Si2b 0.067105769959 -0.0428018053812 -0.014916723875 0.00468522144379 0.180068535111 -0.0636270929741 -0.132647505398 -0.13364566019 0.0396427063994 -0.0135684796724 0.0178739876523 0.0377255424122 -0.0814841145033 -0.29345250403 1.0 0.053361757535 0.00305651856804 
bias_Si2c -0.09889626052 0.0357745565935 -0.208695229463 0.0664643295629 -0.0503549640588 0.051241385886 -0.00501502411122 0.155052908341 0.0230708648736 -0.0101142582551 0.00547881816364 0.0240873963847 0.024050389185 0.0684666209578 0.053361757535 1.0 0.00570731072618 
bias_CIVa -0.316208256816 -0.0782377202619 -0.00100775526495 -0.00339596747531 0.00617933792895 -0.00969170451263 0.0141111772022 0.00516105506964 -0.101533878296 0.00475647050863 0.00446916269986 0.0198047724921 0.0111376088791 0.00557476067832 0.00305651856804 0.00570731072618 1.0 
