 --- bias_lya*(1+beta_lya) beta_lya ap at bias_lls beta_lls L0_lls bias_gamma bias_Si3 bias_Si2a bias_Si2b bias_Si2c bias_CIVa 
bias_lya*(1+beta_lya) 1.0 -0.0426296196617 0.00356298124132 -0.0187616236217 0.309977561435 -0.000571896207312 -0.256758908145 -0.691632147419 -0.050826806439 -0.0599877418043 0.0495326428218 -0.134987778998 -0.115946480207 
beta_lya -0.0426296196617 1.0 -0.0118160139483 -0.00295385460909 -0.516106129831 -0.292613379707 -0.0438102260492 0.0252565312804 0.167690905861 -0.0183725865755 -0.0513047243146 0.0377063407945 -0.0267856240239 
ap 0.00356298124132 -0.0118160139483 1.0 -0.370710692517 -0.0194734313531 0.00201292910168 0.0308267050416 0.00464206555958 0.0163531686695 -0.0184686625849 -0.0222958490784 -0.246257526582 0.00043801105605 
at -0.0187616236217 -0.00295385460909 -0.370710692517 1.0 -0.00220900696745 -0.000635824070055 -0.0123073581793 0.0219129135625 -0.00247340274307 0.00823488570895 0.00865822593813 0.0780687579725 -0.00501900860218 
bias_lls 0.309977561435 -0.516106129831 -0.0194734313531 -0.00220900696745 1.0 0.25990734611 -0.400696563216 -0.605510738507 -0.567441594998 0.0734662354572 0.182143717029 -0.060532125212 0.00378263243051 
beta_lls -0.000571896207312 -0.292613379707 0.00201292910168 -0.000635824070055 0.25990734611 1.0 0.169701422952 0.242695325668 0.135207180989 0.0106786588104 -0.0504684139437 0.0601752919518 -0.00307765989433 
L0_lls -0.256758908145 -0.0438102260492 0.0308267050416 -0.0123073581793 -0.400696563216 0.169701422952 1.0 0.277315662329 0.637595615457 -0.0678083521803 -0.144214079689 -0.00684318506821 0.00477816235609 
bias_gamma -0.691632147419 0.0252565312804 0.00464206555958 0.0219129135625 -0.605510738507 0.242695325668 0.277315662329 1.0 0.294822942817 0.0506569875813 -0.104174155944 0.179591021084 0.00107719978435 
bias_Si3 -0.050826806439 0.167690905861 0.0163531686695 -0.00247340274307 -0.567441594998 0.135207180989 0.637595615457 0.294822942817 1.0 -0.0297874310366 -0.0849884023486 0.0377456441243 0.00376843386821 
bias_Si2a -0.0599877418043 -0.0183725865755 -0.0184686625849 0.00823488570895 0.0734662354572 0.0106786588104 -0.0678083521803 0.0506569875813 -0.0297874310366 1.0 -0.211929765448 0.101366628666 0.00725192069799 
bias_Si2b 0.0495326428218 -0.0513047243146 -0.0222958490784 0.00865822593813 0.182143717029 -0.0504684139437 -0.144214079689 -0.104174155944 -0.0849884023486 -0.211929765448 1.0 0.0800460974075 0.00427365836231 
bias_Si2c -0.134987778998 0.0377063407945 -0.246257526582 0.0780687579725 -0.060532125212 0.0601752919518 -0.00684318506821 0.179591021084 0.0377456441243 0.101366628666 0.0800460974075 1.0 0.00466762203237 
bias_CIVa -0.115946480207 -0.0267856240239 0.00043801105605 -0.00501900860218 0.00378263243051 -0.00307765989433 0.00477816235609 0.00107719978435 0.00376843386821 0.00725192069799 0.00427365836231 0.00466762203237 1.0 
